107348232 365 30000.00 2016 2016
107658558 275 98970.00 2017 2016
107708693 606 30600.00 2016 2015
107723165 210 0.00 1997 1994
107869823 221 60000.00 2013 2012
108298057 227 21555.00 2016 2015
110541597 550 32190.00 2016 2016
110636750 228 9500.00 2016 2015
116009390 764 9995.00 2015 2015
117436369 1372 8580.00 2014 2013
117830839 228 3000.00 2015 2015
110091668 210 4500.00 2014 2013
110134661 228 7600.00 2017 2016
110204623 1300 25000.00 2014 2014
110280819 227 9100.00 2016 2015
110348267 228 5599.00 2014 2014
110437088 228 8300.00 2015 2015
110467669 168 7500.00 2017 2017
110469760 240 10500.00 2015 2015
118189401 210 2100.00 2015 2014
118195683 228 5500.00 2016 2016
118196726 943 6589.83 2015 2014
108497963 1580 5475.01 2013 2013
109255791 1951 5000.00 2012 2012
109405299 228 2300.00 2014 2014
109584547 915 62000.00 2015 2015
110646397 1068 23500.00 2015 2015
110706391 1022 10660.00 2015 2016
110754479 904 7728.47 2015 2015
115347733 227 7700.00 2015 2015
115421748 1676 11000.00 2013 2013
115425204 210 3850.00 2013 2013
115432824 1221 4500.00 2014 2014
115453542 520 18600.00 2015 2017
115617294 1274 16643.41 2014 2014
115725449 228 3200.00 2015 2015
115726104 228 2200.00 2015 2015
118863677 228 18000.00 2015 2015
119098785 227 18850.00 2017 2016
121849051 210 10200.00 2017 2016
121871877 228 10454.00 2015 2016
121886918 167 10610.00 2017 2017
122100935 235 60000.00 2017 2016
122300423 228 16800.00 2014 2014
122303789 228 3600.00 2016 2016
122482794 227 31600.00 2015 2015
122512662 228 2700.00 2013 2013
107629620 210 7105.00 2016 2016
107686046 1374 22592.00 2014 2014
108169466 797 4537.92 2015 2015
117576270 227 9500.00 2017 2016
109716776 228 2700.00 2016 2017
109873393 227 24679.00 2016 2016
109874533 1104 6300.00 2014 2014
109929631 1221 16650.00 2014 2014
110439275 1798 5000.00 2013 2012
120104731 1246 11600.00 2014 2014
120117076 459 44000.00 2016 2016
120122111 228 2700.00 2013 2013
110315282 197 50822.00 2017 2016
110361319 228 5900.00 2013 2013
119203460 289 19500.00 2017 2016
119432756 228 9000.00 2013 2013
119525210 228 9900.00 2015 2015
119693661 1890 5240.00 2012 2012
115845393 228 12250.00 2013 2013
115981876 1129 27000.00 2014 2015
118128159 210 19696.00 2016 2016
118142455 418 50000.00 2016 2016
115953597 4919 10000.00 2009 2004
116442994 210 9010.00 2015 2014
107312245 1279 20114.00 2014 2014
107317918 1523 6273.97 2013 2013
107338148 228 3750.00 2013 2014
108459200 168 1800.00 2017 2017
118026310 231 38000.00 2016 2016
118071281 4811 4000.00 2009 2017
116734404 1484 13520.00 2013 2013
116738867 226 6000.00 2004 2004
110356687 228 3000.00 2013 2014
110362951 1945 6495.47 2012 2012
121854324 1280 5365.00 2014 2014
108669050 227 6050.00 2016 2016
109075725 227 2000.00 2013 2013
109338236 228 8700.00 2014 2013
109471847 228 4500.00 2013 2013
109625391 886 90000.00 2015 2015
109135111 197 7240.00 2017 2016
109185560 228 4147.00 2014 2013
109287550 228 6829.00 2015 2015
109334236 227 43672.00 2015 2014
109619927 227 8800.00 2014 2015
109662388 228 4840.00 2016 2017
110593082 306 60000.00 2017 2017
108808209 227 68000.00 2017 2016
108887775 137 38530.00 2017 2017
116524707 215 6000.00 2013 2013
116599681 228 3500.00 2015 2016
116655009 961 6342.00 2015 2014
116536295 150 123220.00 2017 2017
